STUDY = ST 01 - strained unstrained chicken human RBCs
EXPERIMENT = E 00009 strained unstrained chicken unpolarized
DATASET = DS 00006 (strained unstrained chicken brightview)
IMAGE SIZE = (500, 500)
BATCH SIZE = 32
LEARNING RATE = 0.0001
EXPERIMENT NAME = classifying strained vs unstrained chicken RBCs using unpolarized micrographs
EXPERIMENT SHORT NAME = strained unstrained chicken unpolarized


 INFORMATION ABOUT TVT DATASETS
--------------------------------------------------------------------------------
TRAINING SET = 696 (batches = 22)
VALIDATION SET = 149 (batches = 5)
TEST SET = 149 (batches = 5)
CLASSES = {'strained chicken brightview': 0, 'unstrained chicken brightview': 1}
TVT Distribution = {'strained chicken brightview (0)': [584, 125, 125], 'unstrained chicken brightview (1)': [112, 24, 24]}

 MODEL SUMMARY
--------------------------------------------------------------------------------
MODEL ID = 00002
conv2d-1(Conv2D) | shape = (None, 498, 498, 16) | params = 448
maxPooling-1(MaxPooling2D) | shape = (None, 249, 249, 16) | params = 0
conv2d-2(Conv2D) | shape = (None, 247, 247, 32) | params = 4640
maxPooling-2(MaxPooling2D) | shape = (None, 123, 123, 32) | params = 0
conv2d-3(Conv2D) | shape = (None, 121, 121, 64) | params = 18496
maxPooling-3(MaxPooling2D) | shape = (None, 60, 60, 64) | params = 0
flatten-1(Flatten) | shape = (None, 230400) | params = 0
dense-1(Dense) | shape = (None, 1) | params = 230401

Total params = 253985


 TRAINING
--------------------------------------------------------------------------------
EPOCHS = 100
KEY VALUES
     loss  accuracy  val_loss  val_accuracy
0   0.396     0.813     0.348         0.839
10  0.011     1.000     0.022         0.993
20  0.003     1.000     0.008         0.993
30  0.016     0.997     0.015         1.000
40  0.009     0.997     0.002         1.000
50  0.001     1.000     0.001         1.000
60  0.001     1.000     0.001         1.000
70  0.001     1.000     0.002         1.000
80  0.001     1.000     0.001         1.000
90  0.000     1.000     0.000         1.000


 CALCULATIONS
--------------------------------------------------------------------------------
THRESHOLDS PASSED = [0.   0.01 0.02 0.03 0.04 0.05 0.06 0.07 0.08 0.09 0.1  0.11 0.12 0.13 0.14 0.15 0.16 0.17 0.18 0.19 0.2  0.21 0.22 0.23 0.24 0.25 0.26 0.27 0.28 0.29 0.3  0.31 0.32 0.33 0.34 0.35 0.36 0.37 0.38 0.39 0.4  0.41 0.42 0.43 0.44 0.45 0.46 0.47 0.48 0.49 0.5  0.51 0.52 0.53 0.54 0.55 0.56 0.57 0.58 0.59 0.6  0.61 0.62 0.63 0.64 0.65 0.66 0.67 0.68 0.69 0.7  0.71 0.72 0.73 0.74 0.75 0.76 0.77 0.78 0.79 0.8  0.81 0.82 0.83 0.84 0.85 0.86 0.87 0.88 0.89 0.9  0.91 0.92 0.93 0.94 0.95 0.96 0.97 0.98 0.99 1.  ]
VAL FPR = [1.0, 0.008, 0.0, 0.0, 0.0, 0.0, 0.0, 0.0, 0.0, 0.0, 0.0, 0.0, 0.0, 0.0, 0.0, 0.0, 0.0, 0.0, 0.0, 0.0, 0.0, 0.0, 0.0, 0.0, 0.0, 0.0, 0.0, 0.0, 0.0, 0.0, 0.0, 0.0, 0.0, 0.0, 0.0, 0.0, 0.0, 0.0, 0.0, 0.0, 0.0, 0.0, 0.0, 0.0, 0.0, 0.0, 0.0, 0.0, 0.0, 0.0, 0.0, 0.0, 0.0, 0.0, 0.0, 0.0, 0.0, 0.0, 0.0, 0.0, 0.0, 0.0, 0.0, 0.0, 0.0, 0.0, 0.0, 0.0, 0.0, 0.0, 0.0, 0.0, 0.0, 0.0, 0.0, 0.0, 0.0, 0.0, 0.0, 0.0, 0.0, 0.0, 0.0, 0.0, 0.0, 0.0, 0.0, 0.0, 0.0, 0.0, 0.0, 0.0, 0.0, 0.0, 0.0, 0.0, 0.0, 0.0, 0.0, 0.0, 0.0]
VAL TPR = [1.0, 1.0, 1.0, 1.0, 1.0, 1.0, 1.0, 1.0, 1.0, 1.0, 1.0, 1.0, 1.0, 1.0, 1.0, 1.0, 1.0, 1.0, 1.0, 1.0, 1.0, 1.0, 1.0, 1.0, 1.0, 1.0, 1.0, 1.0, 1.0, 1.0, 1.0, 1.0, 1.0, 1.0, 1.0, 1.0, 1.0, 1.0, 1.0, 1.0, 1.0, 1.0, 1.0, 1.0, 1.0, 1.0, 1.0, 1.0, 1.0, 1.0, 1.0, 1.0, 1.0, 1.0, 1.0, 1.0, 1.0, 1.0, 1.0, 1.0, 1.0, 1.0, 1.0, 1.0, 1.0, 1.0, 1.0, 1.0, 1.0, 1.0, 1.0, 1.0, 1.0, 1.0, 1.0, 1.0, 1.0, 1.0, 1.0, 1.0, 1.0, 1.0, 1.0, 1.0, 1.0, 1.0, 1.0, 1.0, 1.0, 1.0, 1.0, 1.0, 1.0, 1.0, 1.0, 1.0, 1.0, 1.0, 1.0, 1.0, 0.0]
TEST FPR = [1.0, 0.0, 0.0, 0.0, 0.0, 0.0, 0.0, 0.0, 0.0, 0.0, 0.0, 0.0, 0.0, 0.0, 0.0, 0.0, 0.0, 0.0, 0.0, 0.0, 0.0, 0.0, 0.0, 0.0, 0.0, 0.0, 0.0, 0.0, 0.0, 0.0, 0.0, 0.0, 0.0, 0.0, 0.0, 0.0, 0.0, 0.0, 0.0, 0.0, 0.0, 0.0, 0.0, 0.0, 0.0, 0.0, 0.0, 0.0, 0.0, 0.0, 0.0, 0.0, 0.0, 0.0, 0.0, 0.0, 0.0, 0.0, 0.0, 0.0, 0.0, 0.0, 0.0, 0.0, 0.0, 0.0, 0.0, 0.0, 0.0, 0.0, 0.0, 0.0, 0.0, 0.0, 0.0, 0.0, 0.0, 0.0, 0.0, 0.0, 0.0, 0.0, 0.0, 0.0, 0.0, 0.0, 0.0, 0.0, 0.0, 0.0, 0.0, 0.0, 0.0, 0.0, 0.0, 0.0, 0.0, 0.0, 0.0, 0.0, 0.0]
TEST TPR = [1.0, 1.0, 1.0, 1.0, 1.0, 1.0, 1.0, 1.0, 1.0, 1.0, 1.0, 1.0, 1.0, 1.0, 1.0, 1.0, 1.0, 1.0, 1.0, 1.0, 1.0, 1.0, 1.0, 1.0, 1.0, 1.0, 1.0, 1.0, 1.0, 1.0, 1.0, 1.0, 1.0, 1.0, 1.0, 1.0, 1.0, 1.0, 1.0, 1.0, 1.0, 1.0, 1.0, 1.0, 1.0, 1.0, 1.0, 1.0, 1.0, 1.0, 1.0, 1.0, 1.0, 1.0, 1.0, 1.0, 1.0, 1.0, 1.0, 1.0, 1.0, 1.0, 1.0, 1.0, 1.0, 1.0, 1.0, 1.0, 1.0, 1.0, 1.0, 1.0, 1.0, 1.0, 1.0, 1.0, 1.0, 1.0, 1.0, 1.0, 1.0, 1.0, 1.0, 1.0, 1.0, 1.0, 1.0, 1.0, 1.0, 1.0, 1.0, 1.0, 1.0, 1.0, 1.0, 1.0, 1.0, 1.0, 1.0, 1.0, 0.0]
VAL BEST THRESHOLD = 0.02
TEST BEST THRESHOLD = 0.01
VAL BEST CM = [[ 24   0] [  0 125]]
TEST BEST CM = [[ 24   0] [  0 125]]
TEST CONSTRAINED CM = [[ 24   0] [  0 125]]
VAL ACCURACY = 100.0 %
TEST ACCURACY = 100.0 %
TEST CONSTRAINED ACCURACY = 100.0 %